318546972
567289341
429137586
785613429
231954867
946728135
653471298
174892653
892365714
*
753124986
684975231
912638574
478256193
291483657
365719428
539861742
826547319
147392865
*
876293514
539416872
412857396
357624981
241938657
698571243
125769438
983142765
764385129
*
869327514
327154896
541698327
754236981
216489735
938715642
685942173
473861259
192573468
*
198463275
563721489
724859163
219374856
857196342
346285917
972518634
631947528
485632791
*