000040902
500200001
020007000
005003400
201904807
006700100
000400090
100002003
802060000
*
003004080
600005230
900608070
008200000
090000050
000009400
030801002
026500009
040300800
*
806200500
000010870
002057090
350620000
001908600
000071043
020760000
083040700
004005009
*
069000500
000000800
500600327
000230901
000409000
908015000
685002003
003000000
002000460
*
090463275
500000009
700800000
200004850
007000300
046200007
000008004
600000008
485632090
*
